8377
6018
5617
1063
7736
5182
9383
5571
2802
8516
2022
3721
788
4943
9703
591
9598
4863
2978
5138
1491
1007
7611
1781
8227
6431
3640
4969
4402
2926
1125
747
584
44
9264
8440
3388
6630
4834
970
6511
701
8178
1548
6331
9589
8145
7366
7364
5816
6160
9856
1620
8619
2375
8365
3369
1126
6260
6371
7745
7593
737
9351
410
3135
1468
2098
7771
2276
3154
4940
8843
780
9673
305
692
2514
4283
2272
2079
9046
4562
5141
2258
5514
7672
4640
1675
661
1076
1367
7779
9463
2580
1773
7365
2499
9944
7655
6919
3345
8159
8013
6370
6256
4056
3175
1956
9134
3928
9731
321
775
4791
3031
9202
6201
6358
2209
5966
3493
7232
9724
8543
5805
5968
144
5750
2857
8869
9389
2114
290
3420
3659
5973
5989
1588
6610
2692
5447
278
1688
1909
1434
3979
7358
8494
5900
8229
226
205
3899
6672
3301
4239
2355
5314
8958
8794
540
4673
1847
3994
5930
1136
8206
7531
4191
7410
2065
9220
5166
8297
7817
1870
6939
7944
823
8964
9164
5736
2481
3374
7417
2649
8591
5085
3084
9799
1524
8007
7645
9205
3655
1308
9738
9390
4801
2564
4850
8775
1772
2691
998
7559
5217
3353
875
2808
8741
7425
9639
5796
5573
9303
5199
3479
9295
3198
6312
1681
2235
790
2900
570
2947
8680
2955
5806
5844
9669
963
2311
7979
3223
426
237
6064
5683
2876
9670
9043
6962
67
5728
5932
4964
7523
8576
344
9377
160
2221
7090
1660
9925
7391
5146
1023
9486
9237
142
2788
8508
9497
458
4721
6744
1546
3949
9062
9361
9877
6250
516
128
5749
842
5837
6778
7284
2828
7451
2415
9085
3170
4480
3975
7762
9274
2903
7132
1204
2749
8224
4266
3662
5752
5828
2936
105
1192
5423
5696
4189
7198
695
3951
9359
4554
9628
7054
5866
4038
3052
5298
3402
8201
7555
9262
4364
2427
2881
2401
5424
2733
5802
8735
1493
4260
4490
1236
6279
4597
9075
6858
177
702
2667
9634
4761
8873
7243
4920
8928
6184
5285
4483
1314
4599
4300
4871
7710
2723
9125
1321
6540
6427
4910
3689
1539
4058
6674
2855
4739
6036
3089
6697
5311
6058
9604
8041
4694
418
1596
5488
3679
4325
6021
217
8600
8088
2270
2456
583
8911
8202
1663
8207
4342
2500
2147
861
3756
41
3623
4302
4005
9729
8592
9956
6905
6210
6525
6918
9193
7732
8005
705
5825
2918
916
9127
2743
9462
4775
6068
2444
8995
3864
7020
9167
579
4555
9778
4605
3815
6167
2838
9579
9630
1908
2678
5463
829
2082
8078
6934
3869
3424
2948
6798
8138
6208
2077
2549
1771
6347
6793
6831
4750
4553
7276
391
1665
5489
2041
9722
9789
4104
1723
8075
92
954
6756
4398
9449
6874
143
2728
3063
6038
7438
6869
8049
2909
2593
1433
7118
3946
2780
1662
9981
6945
8449
2474
73
6893
8255
3358
638
3350
3237
2392
1801
9297
7321
2205
3853
9928
6446
8579
547
8724
4065
3283
2599
7199
6450
3216
1553
8117
5596
4452
7403
7842
2452
376
3062
5680
8345
610
1015
327
8671
8686
2404
9975
3616
5252
3131
9672
5669
2969
127
3854
1670
8175
7018
3619
9819
9641
5528
4312
2045
4368
53
2905
8659
7564
3585
7169
9872
5670
5120
6666
9614
9806
5198
2332
7457
4703
9357
2896
7589
4027
7395
4437
1797
7052
3397
5914
3231
662
6397
9811
1351
4685
6979
7707
9124
3317
7167
3079
7116
7286
9766
5919
9346
6622
9697
8714
6995
2542
8084
1522
3215
9071
5792
9271
6484
133
7615
839
7253
4591
2943
9216
7691
9744
7411
310
2134
319
2486
8802
7693
8522
2858
6441
6363
8901
9007
2803
2648
7469
9197
4906
7458
3342
1965
7646
9210
9212
1191
2191
1803
3429
3743
7437
9276
2353
4050
766
5430
8521
4648
5533
9507
2911
207
6748
8801
1799
2093
1874
6557
7575
4816
8325
61
7887
2222
6715
6724
366
2225
3713
636
8147
7706
3276
9384
3263
9922
5745
8763
83
5062
8334
7260
8507
301
2551
2229
2744
864
3695
3800
6228
4805
1180
5776
2560
5975
9763
8468
2044
4661
5504
5634
4475
7830
6896
9532
8876
9496
6316
150
1858
4972
3278
9550
8393
6936
7607
2292
8431
2641
6176
2374
9596
2151
2697
4397
6326
2181
4308
72
2040
6598
6980
2834
6636
4380
7061
1928
6519
5135
8237
8871
4396
3600
4075
2520
5150
480
2397
4252
3298
6097
8532
3747
5760
5689
3683
2547
1357
6262
4041
599
8779
3417
1118
1090
3579
3122
6840
3829
3410
7855
2868
4485
3513
8195
2518
5865
622
1951
1886
8992
2204
7202
7542
933
431
5993
1981
2601
9680
3851
3649
5521
8296
5468
9533
1528
6752
974
2873
7444
10025
1734
5495
3577
5651
2841
9701
5936
7528
6897
3517
6908
2964
7128
8351
797
9088
6343
4944
8361
2113
6351
4531
9487
8467
1062
513
3958
5642
4905
8770
1235
1429
7399
6788
3733
9081
7211
6204
7363
8434
10006
1216
5197
5645
4556
1593
3953
6975
3859
8821
8513
2066
8877
6348
4267
10026
5171
5250
6045
956
3932
2390
2464
8017
538
8101
5688
6647
8118
635
4322
582
3828
9115
8066
9454
1203
5671
9874
2005
6549
1669
1791
6723
7518
529
503
7510
8285
7741
4156
8975
3428
8040
185
4593
2439
3729
9593
3413
3597
2775
8934
1666
5185
7176
6737
5999
9700
1400
3115
4844
7870
7302
7868
8267
5902
2711
1293
9902
5327
7242
3065
9643
2478
1768
9381
4459
7967
4226
8617
8979
7521
5779
7338
409
3500
5351
9681
5041
9328
4077
509
6966
7060
8456
6577
9050
4638
7238
8897
8712
1879
3763
2766
9545
1323
496
8028
2510
5666
5768
5295
9445
5359
5045
4352
7947
6523
787
2939
7347
7436
9017
116
399
3124
5480
741
155
5707
1910
3487
4382
2324
2317
2664
2741
1868
3463
6963
2487
6209
2306
7587
8826
9801
4233
4630
1120
7100
350
3703
8298
9455
1252
2609
7373
3611
3449
7923
3553
9795
8677
8391
2357
493
4234
7396
5338
423
3093
2233
5158
487
5963
5754
9074
7796
8744
3897
2335
2929
8098
6273
7072
9966
3445
4219
2970
5954
8131
4497
5174
7405
7353
6293
119
4884
9139
4774
3481
3525
2760
2604
6458
6901
8424
404
9607
7074
7304
9782
259
3403
9488
120
2328
1894
5911
4915
3362
6859
249
3480
8071
1393
6438
8077
5675
1732
4961
1735
5518
4231
5019
8461
5565
1767
5348
6741
6261
1264
5789
8518
5438
5702
6456
9541
6214
1212
2159
5177
8247
9121
6287
8375
711
7669
1134
6477
3886
1289
3220
8055
265
2975
4486
6192
1770
215
4253
4481
1762
6722
5207
4123
1507
2227
2249
3561
6524
5109
5003
9774
8167
4781
1356
8027
2589
5426
9563
4978
6368
3540
1572
9353
1859
6864
7140
4468
1156
870
1254
2998
6384
3754
9501
1726
7705
515
8578
1760
6822
235
1713
3082
5336
2482
6238
4004
9308
9822
4416
7685
9095
6920
4756
1707
2810
220
4526
5192
3030
7156
2630
2196
7642
6950
6420
518
6582
8970
8561
6802
5093
489
7698
3028
1989
2895
2192
6916
2156
3699
1047
5886
1188
3978
3908
5613
7009
8433
2870
8997
3061
6664
7627
1611
1633
5422
2849
8573
9595
3491
1077
1744
4304
849
8340
7435
1659
601
3960
2677
2704
6462
9552
2166
313
4627
2136
7099
2377
239
9895
888
5724
2804
7719
5835
9767
1862
4733
5795
4583
5379
7447
9650
1341
9087
7209
384
9618
9246
7305
2310
9376
2684
3625
2466
5766
5366
9875
9847
5133
7130
7995
5790
7413
151
7588
4542
7088
152
6609
1549
5773
1453
1228
7095
5812
8154
8596
5013
831
1196
9994
4062
1408
5665
4125
1719
9860
3923
1943
774
8695
4790
130
245
7772
6079
5854
4787
332
4127
2112
2635
392
2578
3367
4712
9378
3234
4206
2927
3099
966
4966
3330
2072
8373
2378
98
1585
3753
851
2420
1822
6247
2894
248
4549
1281
9500
9784
9287
6481
5175
4514
6673
4881
8444
2088
4561
7941
3799
2770
9786
8269
7922
1720
2063
5799
8661
3086
2685
4644
1078
4611
1092
1053
7789
4931
6118
2198
6566
8884
3266
8682
750
1324
146
902
8846
5119
4209
2921
1819
3506
1648
2413
94
8553
9147
2470
7352
5215
10004
1694
7939
6926
7662
4687
4443
3606
1962
521
1503
8698
7695
1190
4456
8933
1889
9624
7068
385
4076
6414
1695
6560
1806
8515
4973
7025
4136
4394
5602
4199
1673
3620
3677
2570
2765
6968
988
2058
3142
7034
3300
9466
10016
3711
5648
438
5409
1703
7113
2130
535
1607
8793
6042
8324
9625
40
4124
6015
921
2830
5170
4408
7631
8861
782
2620
3534
5017
1818
2925
3494
9469
7692
6190
8187
6825
2891
4523
5784
9195
8158
4634
930
5556
5176
9008
5082
2119
4798
7272
3421
2690
1872
2755
4606
8837
5672
7318
4749
8766
5349
8664
4767
9333
9118
4247
5788
7970
4709
7936
7776
3522
9435
1644
5023
517
2888
6307
7055
9534
914
3527
4132
5200
7948
1270
8033
4719
9577
9342
3483
5299
7114
5618
5484
6196
2771
3057
8339
6246
2290
6234
3020
2448
5841
1523
8358
5910
5137
4954
3208
6181
7497
7678
4142
441
5703
1574
6821
4766
8023
1071
3489
9755
7857
7168
1116
5984
10003
1800
282
3937
7226
6078
6285
7802
5719
7667
1322
7833
1128
2529
7714
6487
2785
2000
5284
7254
4577
6770
8246
8809
3443
6498
7823
1346
4201
9465
6807
6053
953
367
5417
8945
7828
6382
2199
4501
4175
360
5168
1550
1066
356
6170
3466
2696
9827
8808
3431
1037
3092
6671
9309
3844
4462
307
8704
4874
1511
145
8142
3831
4108
8842
2299
7600
4571
3294
6595
8823
7162
4660
6510
1643
8011
2359
9793
3295
5599
4407
1087
7229
784
5335
7382
2146
2603
167
7960
2257
3256
4711
8124
641
6575
5738
2652
3826
9021
3165
6773
4120
2988
4048
9983
6543
9120
5898
5108
6942
7227
195
3876
9089
4340
7598
9249
7609
694
6997
3779
4723
8882
8174
3226
5069
6132
9798
1631
2984
1
6149
9642
4813
4818
3248
8720
3537
6254
9792
3812
8392
8354
8141
1583
1002
6972
8421
9428
7854
4073
7327
6102
3718
5233
7549
2278
7281
3332
2333
154
3011
2002
7264
1287
3074
6887
2569
5682
3305
8517
7938
5512
9585
6982
6428
9930
4051
5261
475
7735
3333
6970
5219
9186
3693
2606
1336
7571
5263
5660
2945
920
6480
2111
1149
3767
8236
7239
4498
7402
1282
585
1568
3119
9675
328
931
7996
4015
6050
5408
7149
844
3148
5092
2559
7356
2046
5471
7738
4014
1640
5039
6605
8737
7005
5820
1942
14
6688
3573
9330
7289
3692
3177
5921
2809
3624
2731
1041
2914
4093
2866
528
5635
3436
2190
1802
3045
5446
8397
7654
530
4793
8404
7859
9190
5020
3790
8352
7806
1922
4959
156
3667
1547
5331
7505
9412
550
6286
6812
3068
7875
2433
3724
3136
874
6469
9492
4011
343
1476
4494
2089
2483
2380
5955
9168
4139
7097
9113
1269
1794
8289
5238
2919
9267
4890
5990
3588
6269
7390
2619
274
1488
7419
8031
2997
7001
4334
7560
3446
3351
4872
7812
3874
6448
1820
9565
9300
3254
4559
2843
7398
7485
6971
3820
8838
8272
8133
7094
663
9055
4760
7071
3907
3166
6098
1527
8223
2
408
5786
3862
3746
868
5699
6848
2273
5523
2003
2479
3562
5877
6453
405
1223
7463
9557
9494
1010
6360
3612
5475
9183
6725
3447
8471
4248
4017
6841
6944
2663
6929
7110
2973
3047
7795
7361
6861
4795
4735
3598
9869
8036
8475
2508
5600
2465
3174
7551
6732
2556
7580
7914
562
7653
5729
255
1285
8710
1992
2223
7262
9097
4403
6687
6073
2327
1384
7716
8115
1163
2584
5612
7949
3701
3566
256
8855
8917
6546
4726
5026
5410
5055
3914
2208
5913
7401
1465
5179
4688
3922
2322
476
2137
1737
3976
8363
4370
3324
2342
9905
6603
9915
8906
4217
6087
2612
1674
4913
753
556
5526
4951
3245
2548
7785
4445
6904
1578
9131
1056
1226
596
3032
200
3172
6029
5148
4751
1618
1677
6836
8645
2215
3794
6834
5559
2460
9413
806
2904
5024
6955
8584
3686
4424
3929
5831
4287
6693
543
3097
339
81
8905
6508
2624
748
4765
5759
453
4700
7867
2127
3027
7177
4997
854
2259
7861
432
6207
1112
203
5607
6973
1508
334
6819
846
682
10011
7766
9986
380
2990
4886
9208
8044
2143
9400
8919
1029
2792
4602
1152
1997
3371
490
9695
2799
7520
266
3320
7200
3903
1140
6317
5875
4773
7216
5685
1054
2758
9920
8211
4133
5764
8185
5982
772
8235
5797
758
3660
9159
6538
2132
9834
4925
1525
3003
8609
7978
3455
9480
39
5123
9203
19
3288
6323
268
8484
9344
5698
50
4974
7895
2010
7442
5243
1557
6242
7821
5547
79
2421
9629
5266
7527
23
6263
8800
2336
7235
8472
3377
4401
3120
9939
8364
3627
1416
8938
2245
6152
3337
1840
9919
9438
8215
323
9615
1893
71
9110
6298
2475
2325
3247
7213
5340
9294
6711
5842
2393
8790
9808
5614
2912
9845
8179
5418
2395
4864
9852
8541
2615
5677
1035
2232
5534
2670
1205
5031
6236
5920
8316
8338
228
6083
7179
6890
5608
4633
5163
4639
2525
393
5038
6145
6356
7583
4980
354
4684
9273
1286
6383
5604
8792
8642
7085
8413
2885
7836
2974
1137
398
4357
414
7035
8631
7968
175
421
5705
7935
3217
3128
4131
894
8371
8624
4281
3383
9924
3996
1638
526
1290
4249
678
7069
8951
5458
5467
7856
6813
8192
5245
288
6617
4359
2301
8727
2698
6708
5664
4079
6416
6158
7093
3118
3769
3271
10010
8844
1931
2662
8860
1844
3184
2244
9467
1966
5377
2946
1340
7901
9998
3335
5542
6947
158
7784
5011
10024
943
9781
8542
1073
3426
9261
3810
3258
687
1679
5827
9991
5606
3911
2611
1952
7112
2400
4313
1775
2847
7907
6589
1753
5332
1084
8226
6
1657
7773
1097
8083
2745
5052
3505
1612
7219
1474
1262
2665
4619
4162
8021
9909
1636
4544
1397
108
9299
7245
2212
8510
9948
225
7515
3910
3504
1186
5381
6583
8446
7087
9108
7343
2738
4575
9437
6191
5520
6619
1370
5448
1602
6705
9974
8275
1848
9103
9317
8157
4588
5103
4053
8795
5679
4158
1489
2264
1743
7362
1194
8637
5490
2687
9833
9228
9323
1481
9689
5022
7175
5253
7987
6898
7098
8436
7466
7666
6131
3730
5871
1483
3041
6115
4324
3524
506
1736
7267
5437
3943
5131
1106
7359
2732
8750
9982
9104
8781
5279
4040
4258
1475
8427
5693
7266
1103
6065
2100
9169
2294
3075
8238
374
1653
214
8387
8107
6820
4934
1381
856
4319
6054
3572
4091
4893
7288
7121
3000
294
4360
9621
8080
1836
9773
2001
9561
9682
9082
10028
9122
8170
7455
9666
5892
2389
2216
6713
4089
4718
2009
1839
1044
2831
9265
9053
1111
6629
5709
3798
683
8716
5086
8333
5894
6461
6086
3617
2720
6011
5043
6150
7446
8120
9957
9687
9402
1706
4250
2949
1577
9626
2583
180
5297
5224
5064
730
7326
2995
7616
8113
821
2179
749
4235
2488
5653
7754
2376
9765
18
1148
9949
9439
5771
3255
5684
2253
107
4652
5562
2038
1536
4919
442
8815
494
769
47
6521
4810
1915
6611
879
1851
4895
8144
9217
2454
4284
5444
7846
3034
8319
8890
7824
4088
4391
5531
9685
9305
4868
6067
2362
982
6815
5803
7569
545
4664
8108
2226
4339
650
4008
3530
8168
4841
2642
9882
8076
1184
9057
7470
8335
3188
3029
3827
7951
2387
6712
2545
4458
1083
4436
3264
1463
3167
8676
5830
9013
2097
5986
7708
2109
5231
3434
9523
5554
267
5209
6507
8859
6342
1318
5337
9422
70
4811
4608
939
7273
3125
9733
4244
5277
3460
3663
4341
4064
4028
9447
3684
1901
8777
2523
3780
6169
7340
8451
5755
762
137
9137
6795
1371
6994
649
4084
1864
9225
2396
2636
511
587
7472
3279
2095
7053
1302
1783
5652
5643
7077
2430
1409
6857
7769
7481
4046
1871
49
9450
718
5453
4873
9885
1831
1415
8500
7808
5425
962
2502
8097
8673
4328
5090
2934
2033
4642
703
2862
7596
2154
8499
9248
5049
8356
3814
4278
2708
179
6736
5953
9684
1615
7467
8058
6690
455
4246
6667
358
3114
1867
1138
7241
2879
6435
8943
1580
7445
9233
2230
1960
2319
1130
5232
3719
8262
7251
6385
6977
7224
498
3441
4052
6625
8502
4049
6329
2431
3069
1268
5129
3792
6701
7753
3846
2930
2793
8315
6634
2364
1825
2014
1377
8603
2220
3155
3783
6565
2302
8983
8725
324
7957
8186
4870
6670
9742
8430
1671
2534
32
1946
8417
3087
3246
8916
9841
3983
2617
3639
7039
2740
4479
9293
4150
5056
254
6134
2358
5329
925
6332
8032
2438
2412
8203
8344
9005
3060
4177
628
2236
6816
7647
9588
7920
3589
4778
8029
3066
7680
2778
1151
3183
2816
1757
8896
7839
4609
3603
9572
1154
7348
9654
1697
7439
7428
7205
2246
281
495
6684
464
6031
1486
3576
6656
1218
1383
7585
8552
4001
6651
1334
7724
4354
3269
6449
6193
9984
2658
9358
1748
7314
7336
2683
2507
770
5574
8009
5889
4022
4885
1427
163
7832
7037
1451
9954
6255
8332
1906
3806
4383
9491
9426
5567
7498
9431
3801
8954
8650
8498
1622
7092
6056
9790
1756
6704
7530
5333
5998
9425
9448
4029
7902
7297
7404
7056
744
8657
3514
3303
6649
6362
2626
9597
9504
3688
390
8385
908
4715
3322
4421
6473
466
5191
6794
2129
973
7011
815
3717
8233
6594
1617
9472
9978
7782
5296
4146
4698
2090
757
8070
1935
1104
4855
7516
5317
3608
4399
5286
897
3080
234
33
8807
7700
3610
4880
5627
2951
10015
5540
6489
6922
4384
8956
5452
9525
8173
9997
1301
9345
6349
4581
4092
7360
4160
2037
5293
9805
6113
2675
118
5960
6052
8190
3875
477
9842
9549
446
6099
7747
5228
5553
1258
8314
9180
2391
7529
3762
5389
346
5538
8042
7536
4379
5715
4666
8322
717
2996
1326
9407
4548
201
2182
6476
6999
6100
7652
2110
4780
9155
1664
4097
5481
7323
5165
9518
1856
5344
8850
206
1460
2497
5201
1331
1330
783
1315
5479
1042
1131
4960
6694
7873
8931
707
2188
2175
8109
8305
4115
9717
713
5687
8529
5457
2566
3339
5938
8915
1222
7380
9861
4478
6556
5060
3281
8341
5323
7287
4734
6528
1365
6948
347
8318
2368
2283
5194
3621
3865
5196
6804
7049
2084
3645
5278
8651
1897
9631
7345
6218
1466
9375
3720
7896
1001
7387
3700
65
4962
4466
658
6678
5657
8520
549
5118
2786
8900
721
7
9600
1145
4275
6404
6880
3398
4653
735
10000
387
6188
2544
7478
9403
6399
1049
1754
8960
2940
4573
6040
7483
96
7058
386
7618
7606
1971
8219
2982
4251
7727
5256
8551
9379
8153
5027
7819
578
2920
5071
166
9761
4550
449
3981
4019
6270
9622
9737
3416
7337
5188
910
2411
6768
3013
4924
4353
331
1850
7046
7915
9668
2762
8453
219
6063
7869
6506
7482
7129
1376
456
767
1651
182
2633
9058
5218
1492
9992
1590
5762
5421
2018
3578
1576
1311
5267
5515
6527
3160
2461
586
6082
7966
9836
9854
8864
6096
9880
9723
6303
5124
7835
9712
8833
8156
8228
3778
6755
8827
2239
78
9730
1589
6377
2674
3816
9578
6121
1310
8571
8395
5270
1279
1004
3957
4967
6033
2530
230
1704
3993
3796
4952
9218
6366
5725
4303
9839
1543
9149
8
1944
3396
2645
1255
1531
7805
9652
5072
5857
3673
7864
6541
696
1718
959
7722
4338
1288
224
2262
8309
1388
674
9783
9771
5751
2751
3257
9846
9327
6624
6604
8595
5497
6628
7690
4447
4830
5139
4921
9132
1359
389
9394
8087
6390
1584
7022
9385
4725
7899
9306
8935
1477
5621
8122
3609
5255
5466
6144
3822
2091
5290
9606
9527
3017
7300
673
7933
4800
8491
6844
8866
4044
7891
5611
5800
3296
4918
5307
8183
5172
4520
8386
5655
4692
1265
9599
3386
1391
2447
2717
4276
9658
243
9752
4785
508
8891
1372
263
8003
3571
7697
8987
9748
1048
7296
8585
3855
8052
8805
3702
6553
6953
952
7768
9067
6321
159
5588
6808
3954
1366
86
9470
3344
3694
9084
8785
7756
8547
1941
3813
9296
6336
2618
1883
5042
8548
8128
7890
1747
7163
5066
8357
5903
4637
9150
7372
2818
8396
3977
8985
8073
7225
1337
8941
8623
8047
3631
2958
9091
2254
5361
5365
7544
7101
5668
2491
5539
3214
2073
5647
5153
2773
58
12
5400
4229
8414
4418
3675
645
3457
233
6090
4882
1305
7525
6923
7931
5678
899
6393
7816
9835
7351
6668
2185
9573
7566
8768
2432
1728
6206
3926
2607
2839
7433
31
505
882
3470
2513
8703
4521
2540
1107
9739
3042
3083
7837
4442
8628
8739
629
10013
6088
8409
4552
7247
4572
929
7862
5821
269
989
3006
3252
1412
8252
7350
5737
1025
51
7813
5884
1645
971
8787
3722
8946
7184
2348
2833
6827
5257
4072
965
3963
5288
4470
7546
1278
5890
2707
606
7392
5496
3053
1853
9750
7480
5084
7388
7142
4393
9691
1297
1443
9335
3116
34
9921
1888
8527
3104
1519
3858
7256
571
4463
5858
5274
5739
6665
6986
1699
8230
5155
6537
9010
2714
4752
6460
7709
2440
7674
6518
3615
4205
7937
5305
6205
4731
8972
1401
4746
4732
8429
7742
7991
1502
763
2300
6542
1717
8910
216
3304
85
2436
7368
330
1907
3260
7794
4305
1266
37
8261
131
7770
951
9879
4985
9398
544
8105
6786
4832
8295
1030
262
6925
8015
4381
1197
5304
9612
7150
6504
6277
6295
2007
2901
539
2083
6243
9035
2806
9796
5202
5720
8462
9418
8854
8856
3081
1809
1098
3962
8665
947
4927
3930
934
8293
4803
745
1685
5319
8767
7992
5012
575
4867
4114
4390
4836
9815
611
8220
9162
9311
3088
1741
620
1060
2494
6837
4238
1446
6909
8360
8883
1379
1614
138
4385
1283
1089
816
2243
532
478
7679
6959
335
8234
1304
1608
976
8412
1876
8765
3007
97
1070
8914
5383
1246
4264
6418
7041
6027
9207
2817
7371
3425
9751
2616
4736
7115
7429
1776
5273
1698
5088
7406
9521
5007
429
6618
4755
8857
8563
4047
9602
5847
1506
8731
10002
6353
6161
5416
8479
5794
8811
3687
7734
5477
1761
4389
7866
4776
3277
995
2011
2595
9976
8660
1714
8459
5815
1976
8366
4256
4819
4612
2878
1240
2490
3314
6878
6640
1413
2402
2385
6765
5242
9522
2853
3239
8679
2463
2419
2043
873
5143
3486
2365
1122
9990
4431
5149
5622
2145
5983
994
8407
5891
8810
5661
8597
3038
7331
9408
8096
5978
7120
5099
3241
6535
2078
8980
2985
8095
3253
6479
3737
5829
4232
7057
4525
2074
565
2150
8696
362
785
8194
5646
8307
6025
7650
2405
2341
492
3193
7595
5879
9172
7751
4018
2284
3153
3249
7166
2468
7681
4193
7905
8401
935
5355
3321
764
3740
5730
2562
5237
6613
5115
1600
4654
4657
8537
6008
4877
448
6076
2935
8913
2546
525
4623
3343
7774
955
776
8904
4034
3758
6811
9143
2274
4860
5260
2106
1610
7004
1613
2726
7501
4515
6924
5746
1963
6642
6902
3985
7283
1647
6635
5878
6976
7370
4979
2627
1478
4820
9536
2280
8786
1177
8752
6194
2659
6801
1601
5454
6884
595
7135
4184
2757
9683
4388
8437
4898
9044
8646
6468
6220
5522
7556
149
3622
5164
9098
3196
3824
7847
5183
5106
679
4990
1537
8968
6049
8988
6562
3543
8870
7637
3273
5864
8466
5742
5259
2469
7320
1530
8244
7293
7608
1275
5527
2313
6985
4936
7793
3427
5944
6578
8163
9340
2059
1306
7223
2960
3668
6545
5706
7476
5053
1945
9263
4770
7765
9823
699
3691
3764
7989
5686
2639
4187
4461
1043
9170
15
4516
6868
2681
3185
9405
5441
1050
3727
1325
8306
9079
5863
3141
292
5205
8898
1555
7032
5945
9980
8587
924
9802
3477
1838
1606
6157
2024
1970
5392
3438
101
6627
9913
6620
8376
3179
8756
3406
5294
960
1561
2938
5649
4168
979
6750
1968
5814
6626
4474
6322
5925
9111
8180
459
640
972
5459
8063
1826
4663
8562
6142
2586
5054
1132
6854
6486
1495
7036
6379
8189
6745
1064
4916
1758
4821
2735
510
2406
3542
2293
9674
500
9918
7214
3308
4545
8858
8831
9252
1146
3472
4976
1009
7641
8621
3404
2012
2561
3021
9985
9373
7759
439
8761
7215
4788
3599
3467
5691
9042
3594
895
4351
5560
3361
7910
25
4527
7998
7780
2850
1464
9906
3064
4279
7958
7062
2942
1438
1440
9244
1457
4023
8924
3984
9441
6339
8276
4016
9316
2080
8734
5782
3941
8148
724
9759
6721
822
2158
4804
6389
4212
8748
1821
1012
9870
5981
9292
885
8976
4701
1175
5939
3526
9662
2865
5401
3055
9560
627
6020
9367
729
2081
3378
148
372
7126
5753
6739
1709
3178
2403
4914
3117
5933
8037
2057
1632
3224
8149
2950
9070
5264
1328
9569
460
7394
4176
1096
9580
7308
6302
8410
3110
4487
8940
9528
2085
6023
2370
3775
8382
6882
6406
5923
5136
4586
7065
5848
2087
9369
4111
4604
8090
2122
337
3595
5028
7984
8266
5880
2875
1896
336
644
1472
436
8780
2361
3805
1313
3837
4988
6544
1303
3940
2424
6785
8643
2852
7897
1055
8423
794
6680
2750
3850
3194
1869
8146
9146
7383
4953
7146
7486
5360
773
5723
349
8526
5541
3574
681
1866
6403
5586
1628
9460
8482
9926
536
9033
624
9671
4928
1652
4536
6187
4464
4181
8909
8791
5439
3895
5838
2591
1808
5888
7122
9206
2836
619
3840
5485
5280
7973
1115
2782
6318
1788
1705
9128
2275
139
3674
1094
8054
2195
2030
6400
5047
300
8346
4956
3244
8102
950
6372
3591
5320
2842
2906
8249
9041
9649
5376
9468
9931
6369
7133
4614
4204
7577
9141
3270
828
7848
5980
708
8575
3440
4534
1113
9364
3106
7385
5952
3638
7489
9757
3786
6891
2797
8557
3803
2767
9826
2574
5308
9816
9813
808
2898
223
3809
82
6407
5637
9758
1693
2528
311
3365
1086
6066
6163
8286
3219
9268
3025
1655
5301
9859
3830
1529
299
1317
221
5791
351
1354
3776
6313
2241
9471
6443
3372
9591
2709
8034
4195
2573
6266
9011
8908
9116
9200
3200
5122
3156
2582
5979
6928
8942
4891
6454
5727
123
7651
877
3385
4902
2128
841
5517
2117
541
7649
9024
4909
6241
8010
6114
9133
1917
7942
2784
1860
6740
8836
7012
1386
8435
3741
2028
9126
9898
6013
7648
2682
771
5509
881
6638
3073
377
668
7599
5987
1011
5318
4744
112
3867
7668
3228
36
7441
5395
4992
1327
168
6743
7409
2628
6398
1224
5006
2777
7189
4727
1759
6304
5610
1882
684
2882
3587
3162
8447
7448
4271
1793
759
8198
761
5276
2669
5992
340
2285
1552
7261
2116
8081
3821
3548
8209
7535
3227
3212
5461
1991
4529
10017
5845
3211
3129
4218
3363
3892
7040
2874
3456
6899
16
1749
9171
4965
5000
4345
6154
6876
3409
8641
7334
559
5157
6588
4504
2694
1166
700
3938
8799
43
7573
5870
2632
4318
7277
9129
7731
5996
8092
6365
9099
3531
3516
3732
9553
9123
6354
3750
3149
2019
6885
1739
3262
7423
5328
8607
9644
7499
5988
1595
4889
2178
2980
2656
7764
341
2600
7422
5005
9419
5909
8111
2860
9968
1003
6906
7051
66
4686
4202
9174
4273
3102
9214
9996
616
4840
2605
9234
975
6226
2854
3682
5832
7143
4543
7814
5824
5493
9720
178
4716
4674
4941
632
7760
3833
1105
626
5836
4963
9302
2441
48
6357
8022
9601
7952
8955
369
1343
5546
5616
1807
6085
8569
3988
3785
6030
8670
6297
7959
9547
6464
9165
7636
7999
7581
6046
5268
4825
10019
6757
9866
6415
9714
5002
2410
2933
6558
2774
693
184
6315
4742
5543
1161
1100
5403
4333
9490
4163
9967
9049
9018
6274
3777
633
1292
6940
6344
551
7643
1627
1575
2312
9489
3192
4035
8086
5098
4710
2822
6151
3168
7522
2928
8217
6805
8690
9517
317
1672
1123
2501
904
9728
9619
9285
3913
8250
7313
2126
5080
1725
542
1996
3666
9304
698
9396
3306
905
9653
2163
5272
4705
9951
5394
4533
2384
1565
6282
6761
8922
9318
7015
7874
9851
8903
7002
6539
1355
6071
1225
8378
4134
2286
9694
325
9715
7164
3496
4320
253
1392
8438
8239
847
3893
7506
7822
9863
5843
7511
6579
3633
9173
4081
4535
6956
197
6639
2937
7720
4530
2099
125
9663
9092
9056
3050
2092
5169
283
7514
5576
5427
6843
812
199
80
9828
9655
7807
1467
7750
6291
9865
2345
9086
9741
4155
7291
8243
8728
3952
38
9446
4796
4987
5275
957
7335
6716
2756
1509
9458
855
5195
3541
6364
6306
5603
4426
4540
501
9876
3970
2367
4828
1731
6463
1854
3965
6408
4254
1217
8582
4037
7574
5748
8845
1516
7909
5436
3144
5985
5406
9280
5905
936
8504
4021
7955
7884
2673
1072
4730
2807
6104
8264
3218
1013
3823
6490
4699
6089
5364
6432
5087
6401
1499
840
9843
9401
9587
60
654
59
4
9868
5326
2826
4349
4789
4188
4837
9368
169
5167
7804
1500
5867
7882
3580
52
8279
2307
4321
4059
2495
1406
602
4748
6022
9772
2644
2923
1215
6465
6213
2747
4947
912
5089
7459
4714
6907
3629
5033
1008
2162
7541
264
6536
6569
4183
9253
922
7479
1716
5859
5440
7625
7397
7916
5451
676
8104
3503
181
3439
1573
5220
9397
8820
9230
6108
2845
7354
5916
1135
2517
5861
110
6173
5793
8740
7492
6774
260
3714
4186
5413
6288
9151
2869
9938
170
6004
4365
2801
548
7985
4070
95
9429
1448
7208
4547
6245
2829
2959
7881
6341
4293
6703
5303
3176
6106
1567
7231
9199
1975
7658
7312
3871
9238
4690
523
1469
3817
5772
9581
8849
5710
853
3005
2796
5639
5472
2887
4113
8774
554
9526
9179
6707
9857
8100
1342
2575
427
3584
2981
8025
1787
6237
2168
8755
2643
4419
9849
4129
7386
6395
8130
527
8030
3331
7170
2462
1300
7800
1955
2526
4378
7712
8389
9065
5347
8372
3448
3138
5070
2349
1307
4454
2660
1435
9837
5324
3435
1425
1253
7017
1155
3189
5969
1349
4869
2695
9016
1110
4724
4768
4904
621
8454
5741
9516
3016
5384
1755
55
8723
1006
6742
7950
5935
4174
7461
8895
6212
2779
1534
990
4457
9503
2291
9483
8648
7663
9923
8503
3201
6989
1220
5716
1646
5173
9961
7726
2267
4538
2999
1700
8343
7081
3636
1676
4565
3091
792
8893
8483
8544
4203
3519
2886
9256
4942
3478
7153
1804
194
8554
7677
5051
3807
2334
1535
8064
241
1940
2800
8635
28
9352
10023
6988
1093
7718
4786
1902
7102
5101
5265
187
104
2457
9374
3841
7019
3533
1479
2148
4629
2149
2435
9977
901
6267
9706
5997
5221
2133
2657
3297
2170
3819
1424
4025
8853
7752
5105
4031
9066
5269
3782
4628
9163
8973
4853
1650
9291
5819
1765
6355
7548
4887
3499
3760
2913
2957
5154
887
6532
7010
9679
357
8018
8143
5638
4164
1075
3370
2048
2563
8337
9023
140
969
850
1641
9255
1832
6817
5640
6007
6227
814
6445
2892
1390
9756
2702
1144
2172
9794
4240
7221
6289
5203
2032
3648
7400
1763
4656
9282
1398
7921
1309
5758
2527
3818
8656
3127
3139
1815
5740
8796
9896
1934
9052
5582
7418
9498
8993
8742
3379
8155
9479
9424
9158
1532
5869
3373
6352
3900
639
1444
7623
524
2167
6502
8300
9780
3282
9855
8287
1373
8930
2314
2954
2493
5765
6516
9878
9064
5605
5692
7565
5208
7257
9380
9832
9713
5822
7603
3355
3839
5561
5498
1119
3601
8788
5756
6251
4737
9677
2351
451
8256
7997
2686
293
6776
9676
7329
10027
6621
4888
3605
9576
4033
3992
8672
2640
2754
8534
9651
9281
8362
1339
7194
9266
2880
7526
9194
2953
2269
3349
898
9862
6568
647
6839
993
6517
8026
732
8962
5372
8949
2558
8594
3012
9556
9054
7161
4626
1949
4814
3498
9310
6074
5717
2228
9232
1068
4655
6913
9106
946
3931
9493
5029
5419
4950
4405
6272
4759
7294
6792
2467
8091
2871
8926
5589
1541
2699
7204
5
577
8045
8694
8068
4297
6871
8814
6051
2509
3203
7980
4783
3546
6439
7657
8817
7570
7883
5079
5211
4938
3187
7075
388
9963
9354
796
3868
5140
4471
826
3906
2651
6292
760
1980
7781
8490
1515
672
1742
2621
8420
3568
6702
3090
1816
7665
8470
4326
3222
229
6417
6200
4012
7222
7508
3105
1174
751
5156
428
8480
8140
9590
9544
4032
2629
4499
3967
7236
9979
5339
10021
7275
4975
1722
1938
8445
2713
781
1410
2867
8701
6797
4578
6345
2972
6171
8323
6162
8329
3749
415
2238
6601
6233
8683
8135
6700
6434
6055
7538
5761
1764
6782
8171
615
1353
3490
3596
7912
8116
2360
7860
2827
3613
4003
9574
8221
7045
4069
6470
4409
3014
4636
3267
4728
2722
4441
5767
6616
3685
440
2993
2837
9395
3697
7656
8921
2347
9908
4157
9727
3209
8778
3909
3972
3229
4707
6754
667
359
7675
1378
4613
3712
2679
306
314
4492
1142
9301
3857
2781
7994
8308
3497
5585
4198
4753
3418
6324
9688
2877
6728
7218
3614
7244
2429
4866
9290
8822
9973
284
2252
7871
7945
3173
7858
8400
2614
3927
2386
3181
4738
93
5901
1459
3340
8863
2521
5300
4949
9509
5407
4289
8577
4121
8166
5382
8994
1139
8653
9094
1352
4143
7237
5186
4330
2968
6847
6646
9001
630
8486
2787
1687
8693
7303
1811
6182
1621
2536
9257
9037
4274
915
1195
5443
420
3018
9531
286
5240
5456
1447
9236
5352
824
5957
2428
7333
9791
604
736
9047
7207
5674
1668
90
5008
129
6946
6492
8760
7954
6386
6423
447
3647
1559
5083
9138
9332
3707
2210
3715
3108
1199
9970
1201
1597
7342
7893
6422
9286
3405
7355
1389
7963
3521
7151
5855
2963
2173
5420
2703
9148
1998
4669
6123
5577
4658
4862
6333
2835
370
1501
8953
752
1022
8218
9562
6005
1540
6830
4469
7341
3652
4224
8383
8039
4879
4696
5846
1207
7924
3464
8681
7357
9914
9661
558
3569
9927
8580
4331
111
8706
3334
9665
5744
2047
8283
3316
6413
3290
1178
9069
9818
8974
8567
7008
379
1234
2577
7073
811
4618
8514
9221
5096
3338
3044
5112
6159
5225
1923
9960
5214
6319
371
5619
9366
5390
2407
7900
1497
2017
7468
9635
6094
9061
8313
6645
5929
2142
8758
1121
3387
3671
1914
6327
8925
4875
1333
1081
8948
9964
6729
2716
5341
6380
4477
3511
6991
9603
3023
5345
8347
7415
2298
2399
8711
2115
365
2798
7220
5397
5073
9567
8715
5212
242
5654
2794
6117
3474
8923
8035
6361
5414
1238
9076
3705
857
1320
338
8253
9019
999
3072
7490
5316
4646
8852
9112
3113
8505
5628
222
6139
2160
1912
9187
4280
63
9753
1661
7430
653
7091
4496
9181
5206
2515
7076
2054
6660
2268
3745
7702
657
6661
5874
1000
3204
8667
419
704
5428
2554
6883
8977
2304
6992
6229
9177
1504
4140
1715
655
1926
3808
6515
997
6253
9096
1158
3319
7988
4926
8806
8079
2340
7699
3076
9824
4955
836
8539
8851
2610
7553
4995
6856
6129
1117
8705
9154
8495
5785
6763
8232
6373
6602
6633
9185
6571
4537
2983
4651
4495
4697
1360
5180
4771
1085
7786
4144
1562
6734
5291
2442
6381
6221
5564
3307
4259
6494
3094
689
2737
9648
617
4455
867
7563
5449
7117
6503
2863
7412
2541
4510
3476
6717
4857
6675
1020
9423
3103
8640
818
8622
5775
9903
3485
803
9519
4112
3151
9030
8067
5503
4412
5967
9484
1067
4067
8625
22
2025
425
7031
6440
7790
3462
9313
1512
2372
4708
5371
7689
6301
10
9900
109
2666
6826
3891
1824
2772
8636
625
2398
1973
786
6466
2321
1995
1903
4210
1079
7408
6028
1088
8048
9356
1189
7621
5145
4243
4395
2184
733
3048
6681
3408
6478
8197
9321
5881
9278
9894
8566
9336
8288
7568
5342
4106
5021
6433
1114
315
8588
7809
4645
4878
8008
8388
7109
7033
4500
4374
4355
5306
9331
8150
8463
9182
1445
10007
3112
7434
3925
8161
7961
913
9343
4377
7473
7688
937
5309
7799
5951
6584
3130
3376
7993
1624
3070
6177
246
2729
5068
9632
1231
8245
6591
24
8342
9754
9760
1263
2417
685
7612
909
1560
5817
1419
2476
1375
2287
9349
1924
980
113
4946
9936
2598
3077
590
9242
2764
7964
3026
8182
198
9551
9073
5732
1837
9474
5357
5117
891
7879
2519
1544
3430
8106
1032
944
287
6889
9830
1244
2256
9100
5584
6952
6769
6943
417
1209
2437
9890
1452
7144
211
5078
9198
5780
2825
6587
8321
7186
7082
412
1473
3552
3676
4643
1680
2356
6654
9157
1817
7248
1431
8663
2590
2986
7561
2791
9558
1394
29
2277
9884
6075
8689
2768
8652
8442
9910
4055
333
437
1510
3432
9656
3049
3593
3275
3109
6069
6592
6183
2512
8867
4211
985
7630
5487
1247
7723
984
5367
8403
403
2484
6554
8006
6276
7240
9825
9864
5636
6767
3359
3251
4589
9029
7758
5658
4343
4430
3550
6530
7138
6059
3123
3532
9901
3393
1396
1689
4009
4432
3352
848
1160
9196
6034
9279
9911
2492
5204
4677
4369
3766
135
1417
6500
7534
1778
2646
5887
3539
2295
7421
3210
9708
2213
8632
4740
4981
7271
6873
9307
6933
1363
9251
7797
4241
8121
6175
1462
2893
9461
4566
8024
8633
9707
5970
4994
6718
3158
3971
2727
3145
2814
9871
9605
5595
9036
7079
8662
1649
2706
7317
3468
295
2917
9821
162
3380
862
1570
9693
1953
7918
1296
5808
981
3793
5731
8868
8565
5016
5067
1099
4225
1564
9820
4933
10008
9617
5694
1214
2585
9495
4215
434
8134
4277
3232
4311
5726
9746
42
3535
4298
7346
4042
193
3346
4876
2381
6941
4679
2242
9114
5950
1344
6482
552
561
4576
9916
5770
4366
3708
471
2303
8965
1545
4616
7488
4208
8290
479
1219
9039
907
4518
2250
2473
738
6931
6374
886
7682
5160
2789
4371
443
6496
597
5718
5994
2240
6111
5626
7550
7971
8719
1932
6814
8754
6410
5478
7827
64
5630
7246
2715
4647
8489
4400
4808
5178
5811
598
9430
9582
7930
2155
3180
5897
7687
2369
958
3360
1986
4843
4196
8379
5991
9080
4423
4236
4332
6796
2034
7268
9365
4968
1887
6305
502
4513
9063
4670
9038
5034
727
3233
1518
9239
1656
8160
566
482
5783
5563
8602
4806
1420
3230
5722
3523
1958
8506
6095
2251
4580
9514
1619
7755
7021
8176
739
8606
6746
6032
6900
9417
2719
2535
3199
2899
3126
8947
805
4085
5310
497
5566
3919
3802
7721
4932
6488
2625
9829
6695
9048
893
7509
102
7953
276
5818
329
4030
8350
7838
114
5641
6231
4892
172
2339
1846
6567
5399
5362
1361
8692
465
9404
5415
5662
2157
3563
3734
5492
2952
3920
6790
7188
7834
6954
7777
4631
6041
4568
8416
6860
5777
8200
4061
3510
3924
4347
9743
3492
7619
4149
9312
8880
8678
8172
8019
4192
9406
1206
6037
4835
9831
4446
8114
4257
9298
4410
3698
4363
3313
7282
5931
1143
807
2769
553
6202
961
3947
2026
4063
819
9456
3024
3856
6658
2297
3863
6405
68
9616
8439
9768
903
5513
7629
2094
1626
5111
4138
8684
6835
5247
2071
6927
4296
9535
9770
8699
9705
945
686
1271
7537
3883
7757
1461
6092
5235
1930
10014
1727
4506
6987
7064
8299
3051
8559
7591
4288
8886
7590
7310
1686
878
1259
7426
285
4827
4567
3019
8132
2654
6133
6138
4286
9958
9386
537
5048
5321
8538
3774
5077
4977
1027
2597
6915
8920
7105
9034
3459
4625
6475
1582
7775
3501
4126
9627
4659
4376
2734
3942
75
4317
3879
4754
1692
5292
4601
863
3191
9325
2423
3015
9314
382
5396
1629
669
9506
8545
6320
6244
609
876
6758
3347
3242
9362
1790
2197
3292
2382
6311
5965
3661
710
4411
8937
3323
8103
1936
3955
470
7309
7733
2218
3538
7016
4939
1369
3555
4200
791
5402
722
2795
2193
7778
1147
9227
4348
2924
996
568
9078
5587
4290
8749
4896
4484
8204
122
8225
8251
5499
2450
1237
1920
4329
8212
9000
5506
9564
3757
9415
7181
4745
2592
9475
1603
5545
8932
2676
1849
2908
6387
2373
5555
1683
5701
4957
8776
8825
10022
6551
7843
9222
6685
3366
3137
5249
7165
1345
3787
1782
3736
7512
3590
320
3669
825
9873
4948
3781
7197
7471
4741
9962
8813
8564
1426
9391
433
1454
3948
634
4427
1233
7787
6990
6766
9721
1813
4713
830
5601
5598
4295
9633
1437
3512
8688
7562
8556
483
1724
3302
9457
7255
2568
5625
1933
4228
6514
7783
6000
1484
3890
7462
8312
2815
1571
7475
5787
9787
2042
4167
8998
5734
802
3804
5947
5583
5065
4054
5959
5667
8241
1959
5711
4433
2971
1241
4617
3096
7393
5356
4569
3665
6257
3458
6248
6424
720
6903
6376
6110
8072
2992
9442
5593
7027
3690
8152
6775
977
3143
726
3998
3570
3681
7886
5363
9776
8718
2967
9090
5370
9399
7322
778
7043
3759
6216
4356
353
7456
8488
3586
5972
1609
9215
9711
5721
8112
6548
2105
7086
4585
3989
6258
2700
1239
765
8282
3670
8046
4010
6996
8536
8555
8604
8000
680
2124
10001
7210
6047
576
5450
2153
4057
5632
9269
7831
6513
8865
1198
8872
1542
5946
8380
227
192
3452
4101
3384
8885
6938
8511
8381
1927
2480
2910
563
4508
2511
1362
6141
3678
5633
8961
3206
5501
5411
6520
4680
5673
5435
7063
9613
512
99
298
3265
6091
4087
3146
5572
6314
2207
5050
3973
9559
8260
7614
316
1129
3710
9140
820
6235
6224
2203
1162
4551
9965
5121
2516
4779
8057
2587
4691
8899
8004
7539
1458
3768
6576
4375
8613
6866
3453
5313
9659
9161
3520
5712
6283
7190
6698
3974
2840
4178
6077
6093
4130
4263
6846
5532
6789
4220
8460
8089
7496
7263
4098
671
9499
4417
7420
1257
7660
4590
9416
6669
1482
2352
8862
7450
2023
488
3630
9347
9270
3382
3881
4704
8722
9883
9853
3001
1421
5885
5037
7503
3536
7761
9897
2265
725
8629
2897
7230
4695
5213
1988
3725
7145
4335
2449
8784
4493
8783
69
4524
396
5104
2489
1019
2861
4107
7872
4812
6230
6655
84
6392
838
5161
9584
7965
103
2811
6960
5708
9226
3709
6060
8927
8798
852
5009
174
7840
8644
4842
3894
3390
4777
6709
7028
8708
1074
7906
7671
1994
1630
3450
2164
3735
5227
9355
115
5849
6109
8263
2135
7670
7908
3982
4135
2701
665
9022
9319
3395
3009
3412
406
7694
6719
7976
7023
8270
1712
7554
8773
3752
1835
7349
8747
4110
8053
91
6232
3898
8411
8216
6101
183
5676
4991
8426
7558
9191
9393
6472
5826
6828
1566
1900
2118
4179
8963
6829
4060
845
4078
8819
7540
2006
3336
5353
4013
2889
3182
6006
9444
8560
1852
4488
9987
291
6249
6126
8210
9696
7885
117
6643
7278
4600
1261
8205
5494
4615
7683
8199
3484
3726
481
6809
2987
296
141
6179
612
3917
9568
5095
2922
9546
2532
5473
9699
1496
2350
411
5469
6367
10018
9152
768
9188
8050
8982
2140
2070
3704
6961
2049
1916
4285
4086
1245
5281
4036
89
8608
2823
9245
3286
277
6772
5813
6509
7545
9363
896
8586
452
2107
8639
5184
3389
9769
5663
1405
5271
6103
6779
4473
1248
3354
2883
1485
7845
383
8304
917
6764
231
4344
9667
9692
9704
422
1061
312
8647
430
6937
74
9387
5623
9955
7050
3311
7059
7111
9224
2211
7928
1168
4173
4689
5222
9702
1091
5110
5251
3847
1594
3797
7269
8879
4245
8016
3291
1428
5113
2680
9762
618
7378
9907
8540
9777
5510
5044
6174
5697
2907
7919
2647
5315
9060
1273
3399
4336
8384
8936
8717
5132
8448
4693
9189
1939
4294
2131
5386
3626
6125
8369
4621
8014
9719
1684
186
5241
3400
5568
5922
1024
6851
9709
1335
7744
3284
5977
871
5961
4509
6657
6166
1558
7384
4683
8303
3411
9020
9032
4170
7136
8892
1690
4815
4564
2594
4507
6388
1792
9414
4595
5747
4937
7089
3843
3040
7929
9284
3861
911
5511
7894
3657
522
9785
9176
8257
1702
6485
4831
1964
2783
1016
4681
7449
2316
3748
5375
2171
2346
9554
8759
8485
7376
890
7940
9736
1950
2688
613
3933
7853
992
504
4367
9213
8615
4404
1439
8830
8523
3163
7279
7632
6641
2977
7543
6294
2031
2426
986
7913
9810
1057
6572
5934
1642
8271
8589
8610
9231
7007
176
469
4223
7640
8697
6607
2344
5713
4799
3788
5025
3882
6495
7582
1983
3567
272
1033
6751
2121
2062
5743
6010
5036
3134
6334
1165
7106
2471
8894
690
560
9904
4517
1514
7844
5445
6310
6391
8311
2177
6806
670
4448
6586
1014
6677
3650
8991
9945
4109
9388
5378
3356
8402
6252
2846
6061
940
6072
3791
2451
6771
2965
6870
8730
7416
2991
8550
1708
2330
1789
5644
1040
3437
1740
2050
8258
574
7977
1563
3272
1430
1179
6001
4929
7030
4861
5525
4720
7344
5807
7201
9698
572
1746
5856
5549
8125
4105
4362
2408
9942
1556
5926
5928
1316
9166
6455
6211
9235
6467
7981
308
7586
4729
5015
5524
6198
754
3107
3364
9888
8978
6165
1921
3672
1985
9647
9953
7154
4587
1979
7381
4122
9941
3556
304
9229
6850
1242
7852
7324
4702
4323
6474
2537
1267
4428
8278
397
7524
4435
660
1229
7152
8129
3716
1127
514
3990
8611
9623
2371
3885
9932
2076
6140
8126
2102
2281
6777
1833
4020
3654
7192
7578
3896
5976
5387
6877
2994
9844
756
8123
5159
8390
8493
232
2812
2282
6823
8990
1954
6330
7006
3634
9068
795
1260
270
8574
2979
7638
3495
8593
2944
445
9241
30
8065
1551
9887
6119
2668
6623
5460
2730
8738
2138
3159
3035
7477
2266
7841
1232
8570
7934
9247
3475
8590
2004
499
3046
5798
5580
7622
6240
4159
8110
9322
2217
3939
8981
4541
1276
3795
4080
6429
6014
1691
5778
4971
6412
7427
9382
589
3415
9571
3071
2271
6124
4476
9409
1402
3381
4327
3956
5474
7160
1898
9543
6043
4002
5035
709
9740
809
8929
7729
9797
8330
1348
9459
4299
3916
3268
6727
5010
1696
4917
1830
4594
1701
3164
4998
7067
4993
3991
9505
7328
2015
843
6426
6573
2202
7265
126
4989
859
8753
1810
9881
555
1929
7315
5429
642
3528
5896
2414
26
3770
1913
3391
8405
1786
3407
880
6137
4930
7180
4668
9372
1347
5330
7252
9570
3565
5465
6531
4901
1005
1480
1470
5505
1750
5404
2553
817
2572
9334
4337
8188
9443
3872
7274
8797
7892
6650
5544
8465
8248
6168
6296
9889
6951
8415
8408
1243
884
3961
8572
3849
2872
3507
8848
1358
834
9485
7829
3637
6581
4346
8002
3889
9452
4792
5594
6284
9006
8685
6501
889
1569
7228
4316
8164
5262
5142
4502
7898
652
6780
4489
5507
4214
8320
3056
3980
8292
3997
373
1766
4596
8967
6683
5537
1711
8422
4180
1494
4307
6112
6747
8746
9275
165
4622
1604
6185
8327
2550
8816
4610
9848
8535
5081
2255
9012
2961
6493
5151
2445
7946
1978
2832
7717
279
7452
5659
8969
4983
927
4908
2165
1368
1785
9548
468
3059
8208
5369
4045
4999
7066
9940
7673
7704
9338
7374
4849
8658
7367
1678
5690
1387
5380
7749
5091
6081
7863
6875
6692
8139
8001
6731
297
1404
9933
161
8721
5289
6738
6958
1173
9453
4269
2176
3401
1471
3836
1102
3852
1865
5958
6911
2289
3549
8687
3618
6720
4350
8473
9477
8824
746
8056
7601
9337
7183
5258
9027
173
7196
742
8137
4717
9814
8119
5735
3518
8240
9637
4833
124
8265
2689
8452
5530
3213
1490
7038
1364
1521
719
7911
3564
6337
5552
8059
3646
4557
1046
6974
5971
3987
2194
7484
813
4935
6533
4822
659
1039
368
1299
6865
3202
2060
4422
7579
519
8887
6522
7000
2742
4420
8999
3515
8231
3157
4574
8487
9555
605
5210
7605
6984
4982
7080
6614
5590
352
5102
6062
7904
4894
4314
8162
3738
9512
5455
4570
7178
4620
7962
4413
7502
7626
153
6838
9947
9254
5882
9324
2039
3912
2016
5350
5591
2721
1637
345
8950
1069
892
8497
6696
6378
7464
5500
6325
7259
5134
9850
2383
6555
4116
9102
8875
7639
3309
9142
7029
8151
5464
3653
9537
7661
5226
4100
1141
1403
7969
4922
7547
7983
3039
6787
9735
9803
7932
2120
9288
9277
4784
7127
2020
869
3706
7820
9779
7159
3482
8051
9009
9886
3473
7084
6146
9935
8184
7925
3205
4635
1969
4450
3811
3602
6824
4772
4678
2821
7500
8213
8398
4392
4185
2533
361
7889
2725
4197
7487
9478
7572
2008
2056
1591
4310
4883
4794
6039
4598
8038
7319
1863
8074
2201
5442
9609
1947
5282
9745
4095
9209
9747
9211
1208
7295
3902
5130
9520
8707
6009
8700
309
1805
4676
1338
3969
7767
6444
4066
7258
9917
1442
3835
4255
8394
8832
3444
531
6281
7078
4624
1036
7233
9432
1157
4846
6967
6309
7432
3658
2035
5918
3789
918
8533
7332
2123
557
7407
3002
6499
8655
8757
9952
1432
4923
987
8818
3509
7927
9192
3100
7014
7234
5907
8136
8509
9348
1625
1729
1999
2418
9934
2638
1538
6710
454
5433
3312
3327
6271
2459
4090
1294
2263
2631
1159
7453
10012
7696
3641
728
394
3935
5908
6912
1667
3195
3329
2705
5063
5302
45
2021
567
677
1080
7811
190
8581
7684
4166
6593
6136
1586
5223
697
3901
623
7576
804
7431
2206
8638
6346
303
9610
6735
2036
2308
8419
3642
734
941
3651
2506
3558
3999
4071
4039
4171
5941
8944
2739
827
5581
6239
1814
7424
6867
9686
2522
462
8549
2710
2671
2174
9995
2180
3315
9031
2776
7212
3394
3773
77
5030
6186
8736
5962
9473
3285
5860
4103
1877
9105
835
6547
3419
6552
715
6419
8668
2672
9660
740
7307
6425
651
1407
4172
5906
2581
6529
3502
3225
1892
9119
10005
9530
2318
592
8804
2296
6852
5917
1487
8769
35
1181
6818
7195
2602
2579
6783
4272
7584
4829
8196
6726
7131
3171
2736
1751
6338
5325
8847
6570
2859
5904
5757
4512
4043
2388
4387
1256
2029
9542
2234
8732
8525
5804
1990
402
6631
1176
9040
9243
444
2279
4148
4706
1095
8669
7604
664
3004
3860
5631
457
5018
3628
9436
4194
7974
4453
6612
5592
9858
8630
5823
9511
3832
3422
2844
7377
2108
2555
5346
3873
7975
9476
1418
656
614
88
3995
7191
2805
7567
6799
1598
1133
1455
6760
1972
9059
8888
2343
7249
9014
4440
4306
1984
6409
1812
6842
5040
3287
5974
4675
1899
8082
6080
6505
4503
7972
3150
1295
9072
4758
5656
6300
6615
9440
1592
6135
1172
2069
7801
1018
3825
5529
9912
5943
1017
1520
6691
5432
9175
1554
9178
8349
5144
355
8907
5248
5964
872
7193
1829
6264
7048
3488
5254
3037
5385
5550
4826
8443
9809
3986
866
6219
7613
9421
3236
2422
5629
7290
6652
9664
2759
7507
1414
6437
5899
5187
6863
3289
4757
2485
1891
8069
7552
0
4528
5624
3887
2588
9093
8829
8745
4083
3635
4439
4270
8835
7325
607
3583
4074
6914
8169
8399
1881
1517
7903
8020
8729
1658
4782
6024
6957
5405
5470
2288
4560
3508
2326
2864
755
218
5032
4451
2856
8558
8469
8060
7686
6122
7659
6217
8546
9144
3934
2931
1202
6491
7610
4907
9083
7339
8966
2851
691
5059
8481
5230
56
2237
6689
2394
4222
9657
3888
3880
3036
3529
1171
5850
486
2884
1385
6888
4809
9515
533
1599
6421
3058
7495
6679
9420
7703
5074
9732
3147
7956
7791
4147
3054
1784
7301
5393
7877
8367
6265
6340
6921
5482
9025
6127
8912
2455
87
8348
6998
4386
2214
3554
8281
3731
9640
435
9341
7982
4491
4532
6153
9051
7943
2824
7602
7206
4903
416
2848
247
3
5536
2567
3169
8881
2096
1109
2790
4261
4099
244
2752
9943
2260
5391
8599
5769
3221
6663
1193
8478
7414
3392
2189
9946
8762
8649
800
3197
4582
8709
5190
6471
6599
3098
4743
1895
4632
9646
4190
7460
4851
21
2305
6197
5557
2504
2613
1745
7125
1845
2052
9464
5895
7311
858
6969
3325
1605
6195
1587
5483
1828
7592
9867
3918
991
4797
593
8094
4230
2416
5893
1436
6402
631
8043
7137
5834
8772
6308
9371
7715
9289
1918
3454
9725
3111
2161
1905
5840
9710
4945
7826
9370
1581
407
9969
5216
5833
7465
2902
4373
9003
600
8530
467
6534
2976
2718
3043
1925
4852
6359
6328
8952
5597
7330
5695
5851
923
485
8165
6396
4237
6070
6335
8986
9678
5107
1291
9077
1251
3904
2200
7270
964
8302
8702
6644
5061
7917
9320
5412
1332
7513
2366
6759
8691
6659
3375
9840
2338
5862
8889
8782
4584
4511
7042
6632
6800
5388
4434
3240
1533
9540
9993
1170
4118
4838
2966
938
1880
9315
8181
5147
7157
9529
9891
7124
9575
7070
9411
1411
4858
8524
7494
8598
7517
5502
7440
6375
8277
5940
4182
2634
3944
1779
2820
191
3293
7713
121
7292
3728
8450
251
8828
7158
9153
2320
948
3739
6120
8616
6706
1052
2915
2608
5558
2819
4900
6910
8193
2622
6203
5714
9764
1319
3751
4026
9566
7888
1884
5125
6637
7865
637
6019
3870
588
3465
9989
4315
716
2261
7990
5995
4519
4141
8331
4763
1993
5057
7141
1395
3680
9636
4119
9258
8476
5100
6436
1031
4854
2144
8127
7628
1101
7740
5615
2596
6749
4539
9201
4221
6128
9135
1380
1038
7083
5431
3368
3433
1526
275
1682
4856
2565
706
3261
2503
3357
5239
3866
2354
6580
6879
2443
8918
3664
6964
7217
2543
1878
9451
1164
1441
6012
4970
9950
6003
9
1780
2219
5949
2061
3133
4151
6116
7737
9800
2746
5704
4845
6442
4722
714
5354
6350
4406
8425
136
4207
8878
4358
4996
9204
4807
1885
2434
8618
7825
3341
4213
9538
4911
9892
9329
4823
7532
100
7788
3968
569
3848
9502
6084
5283
6178
6600
4153
3582
2637
8406
7003
1108
7299
9360
8568
1827
9690
1350
46
9434
7096
7711
424
3121
2989
1167
8841
2363
6714
240
7504
9160
8280
7250
7635
9999
8455
798
1277
8626
9250
4592
5322
926
4414
1616
1449
171
3771
3022
5883
646
603
6597
8675
8519
4007
1841
4762
1774
5912
5508
4984
1948
949
6164
1329
5569
134
147
6895
4268
4301
1034
9107
3101
3318
1250
250
4650
7107
3632
2068
4145
6223
7620
6930
273
1861
5551
4747
573
5486
6044
3280
5681
6803
1274
7134
27
4094
3545
3132
5244
6561
6275
723
381
4117
9620
581
3950
4068
157
2323
4848
10020
9718
8839
5462
62
6978
1710
6430
8353
8531
1639
4291
6457
4665
7443
7815
8474
9594
3140
1752
9716
1213
258
2956
1185
2552
9350
520
10009
1221
289
202
2916
7878
4839
4154
4161
6222
8274
4429
7172
9959
5570
6935
3581
9136
4415
326
6894
860
8458
196
3696
7103
5948
967
9015
6784
3644
900
1422
4472
7803
564
76
8620
1153
6512
2962
4467
6949
3033
6886
9638
3328
968
1769
4216
461
6608
2315
395
7594
1855
5189
8301
4764
9392
1045
6564
1210
2531
5097
8374
6932
3243
4899
4522
9410
257
7730
4672
1911
4958
731
3921
7389
212
4137
7139
507
5548
8336
9583
8191
3915
5956
450
5001
2446
2247
8812
4667
594
7280
9893
322
2409
8428
4649
9184
7123
8326
3784
5763
5575
978
2524
4802
883
2941
9608
4152
209
666
4641
189
3838
6733
6791
7519
3067
2748
2623
6550
8733
7285
3959
2753
5126
9971
6290
7119
4824
1977
832
3078
7474
6753
7597
779
643
6048
8743
8359
5942
2661
5193
7849
5234
3238
3085
5620
6965
3765
2309
6026
8432
6526
1623
5116
4372
210
6278
5579
8085
5578
8666
9899
7876
2724
1834
2329
6172
4000
4865
5873
3423
7798
4438
1187
3547
7182
1058
7173
3559
7171
1182
5491
5094
348
8477
9513
9510
7104
3755
3557
6574
8959
2653
8627
5852
1843
9028
8751
712
5927
6662
5058
208
238
8583
364
8222
5915
5868
20
9804
8214
213
8654
3326
8512
1635
8496
3095
6686
2248
1200
3471
7880
4102
9004
6563
6268
2152
8840
6781
793
6606
13
1842
1284
1211
6451
484
8370
6447
5236
7748
7533
8457
5246
9283
9101
1919
7851
4859
8093
1230
6892
8464
236
5519
1505
3551
7047
8601
2655
9002
6280
837
302
6411
8971
546
4165
4006
1974
8259
3742
164
6215
4361
7725
3656
4242
5374
5128
375
4847
3235
4897
608
8501
7369
204
2650
2890
8268
8441
7926
6107
7298
8242
363
1987
7739
9838
9117
8418
1967
3414
5014
4563
688
2101
3592
9586
1082
5937
473
3878
2183
9130
6762
3560
9592
3905
2477
6853
789
5152
1513
9788
3310
188
2712
942
1957
9326
5398
9937
4912
5358
4282
1183
1498
4262
474
2453
2538
318
2055
5853
54
3274
3575
7701
6394
9611
3845
4425
2761
1777
3186
4505
9508
4558
3744
4444
3945
9219
9812
3884
1298
648
8355
8061
1796
1450
8634
9482
9726
8317
2337
6881
3190
4603
4465
7763
8310
2231
3451
6596
7624
7155
9109
7810
801
1654
2571
9807
799
17
1065
6981
9433
4292
6993
342
7633
6156
6035
4579
2693
5287
6199
5343
2064
4662
7746
9734
401
1280
6105
280
1249
4265
9339
5781
1634
2505
6002
9817
5810
6682
5872
5114
8254
7316
5312
928
9972
6699
6299
6855
9427
5774
8284
7147
3544
378
2539
5046
6862
6459
5839
1272
7185
2224
3348
261
3299
3607
6225
6676
3259
6452
11
3936
4024
9260
8939
6497
57
983
2139
6845
2425
4309
1579
8957
8674
4607
2932
7491
7026
3461
833
5876
8273
7108
906
1875
2125
3442
8902
810
7493
4682
271
1795
6483
2763
8099
2458
1721
6148
7148
9988
1051
2067
2053
1456
7454
6559
7850
2472
932
6653
6730
9045
2027
6189
6130
1961
9272
5700
5809
1730
1059
4169
5535
5004
6143
3250
4082
6833
3964
1738
6849
743
9240
1374
2498
2104
491
1169
8771
1733
6872
9481
8528
8764
1937
1823
9026
7187
2557
7743
4986
8012
5609
8834
919
3010
2013
7986
5924
252
6016
1382
472
5801
5162
6585
3469
5733
5076
675
777
4227
8492
2186
7644
8612
4671
8989
9259
6590
3604
6983
1028
6832
6917
7379
1021
2051
1904
8713
3834
5181
5127
2187
5434
4096
4817
6180
3723
9929
1124
5476
400
413
9156
4460
2169
106
6648
9539
7792
4449
5650
132
8062
7728
1227
1399
1982
7174
7634
1423
1026
3877
8789
534
3761
8996
6155
4769
5229
2496
9223
7557
3772
8291
9524
8177
7375
2103
6147
3643
9645
4128
4482
463
9145
2576
3008
8368
5075
1890
7306
8614
6810
1873
7664
3966
2813
8874
2141
2075
7617
8726
2331
2086
5516
8984
8605
7676
3207
6017
865
1312
8294
3161
8803
5373
7203
7013
5334
5368
7024
7818
3152
9749
580
6057
8328
2379
4546
7044
3842
9775
1150
1857
6259
1798
